{
 "cells": [
  {
   "cell_type": "code",
   "execution_count": 1,
   "metadata": {
    "collapsed": true
   },
   "outputs": [],
   "source": [
    "from pycalphad import Database, Model\n",
    "from pycalphad.core.utils import make_callable\n",
    "import pycalphad.variables as v\n",
    "import numba\n",
    "import numpy as np"
   ]
  },
  {
   "cell_type": "code",
   "execution_count": 2,
   "metadata": {
    "collapsed": false
   },
   "outputs": [],
   "source": [
    "dbf = Database('Al-Ni/Al-Ni-Dupin-2001.tdb')\n",
    "mod = Model(dbf, ['AL', 'NI', 'VA'], 'FCC_L12')"
   ]
  },
  {
   "cell_type": "code",
   "execution_count": 3,
   "metadata": {
    "collapsed": false
   },
   "outputs": [],
   "source": [
    "from sympy import lambdify\n",
    "from pycalphad.core.utils import NumPyPrinter\n",
    "@numba.vectorize\n",
    "def where(condition, x, y):\n",
    "    if condition:\n",
    "        return x\n",
    "    else:\n",
    "        return y\n",
    "func = lambdify(tuple(mod.variables), mod.ast, dummify=True,\n",
    "                          modules=[{'where': where}, 'numpy'], printer=NumPyPrinter)\n",
    "pure_func = lambdify(tuple(mod.variables), mod.ast, dummify=True,\n",
    "                          modules=['numpy'], printer=NumPyPrinter)"
   ]
  },
  {
   "cell_type": "code",
   "execution_count": 4,
   "metadata": {
    "collapsed": false
   },
   "outputs": [],
   "source": [
    "vec_func = numba.vectorize(['float64({})'.format(','.join(['float64'] * len(tuple(mod.variables))))], nopython=True, target='parallel')(func)\n",
    "\n",
    "\n",
    "x1 = np.random.rand(5, 1, 1)*2000\n",
    "x2 = np.random.rand(5, 5, 3000)\n",
    "x3 = np.random.rand(5, 5, 3000)\n",
    "x4 = np.random.rand(5, 5, 3000)\n",
    "x5 = np.random.rand(5, 5, 3000)\n",
    "x6 = np.random.rand(5, 5, 3000)\n",
    "#np.testing.assert_allclose(vec_func(x1, x2, x3, x4, x5, x6), pure_func(x1, x2, x3, x4, x5, x6))\n",
    "#%timeit vec_func(x1, x2, x3, x4, x5, x6)"
   ]
  },
  {
   "cell_type": "code",
   "execution_count": 22,
   "metadata": {
    "collapsed": false
   },
   "outputs": [],
   "source": [
    "from sympy import lambdify\n",
    "import numba\n",
    "def make_gradient_from_graph(graph, wrt):\n",
    "    wrt = tuple(wrt)\n",
    "    grads = np.empty((len(wrt)), dtype=object)\n",
    "    hess_indices = []\n",
    "    namespace = {}\n",
    "    for i in range(len(wrt)):\n",
    "        grads[i] = graph.diff(wrt[i])\n",
    "        for j in range(i, len(wrt)):\n",
    "            namespace['hess_{0}{1}'.format(i, j)] = numba.vectorize(lambdify(tuple(wrt), grads[i].diff(wrt[j]), dummify=True,\n",
    "                                                              modules=[{'where': where}, 'numpy'], printer=NumPyPrinter))\n",
    "            hess_indices.append((i, j))\n",
    "        namespace['grad_{0}'.format(i)] = numba.vectorize(lambdify(tuple(wrt), grads[i], dummify=True,\n",
    "                                                    modules=[{'where': where}, 'numpy'], printer=NumPyPrinter))\n",
    "    # Build the gradient and Hessian using compile() and exec\n",
    "    # We do this because Numba needs \"static\" information about the arguments and functions\n",
    "    call_args = ','.join(['_x{0}'.format(i) for i in range(len(wrt))])\n",
    "    call_passed_args = ','.join(['_x{0}[0]'.format(i) for i in range(len(wrt))])\n",
    "\n",
    "    grad_code = 'def grad_func({0}, lengthfix, result):'.format(call_args)\n",
    "    grad_list = ['    result[{0}] = grad_{0}({1})'.format(i, call_passed_args) for i in range(len(wrt))]\n",
    "    grad_code = grad_code + '\\n' + '\\n'.join(grad_list)\n",
    "    print(grad_code)\n",
    "    \n",
    "    grad_code = compile(grad_code, '<string>', 'exec')\n",
    "    exec grad_code in namespace\n",
    "\n",
    "    # Now construct the Hessian\n",
    "    hess_code = 'def hess_func({0}, lengthfix, result):'.format(call_args)\n",
    "    hess_list = ['    result[{0},{1}] = result[{1}, {0}] = hess_{0}{1}({2})'.format(i, j, call_passed_args) for i, j in hess_indices]\n",
    "    hess_code = hess_code + '\\n' + '\\n'.join(hess_list)\n",
    "    print(hess_code)\n",
    "    \n",
    "    hess_code = compile(hess_code, '<string>', 'exec')\n",
    "    exec hess_code in namespace\n",
    "\n",
    "    grad_func = numba.guvectorize([','.join(['float64[:]'] * (len(wrt)+2))],\n",
    "                                   ','.join(['()'] * len(wrt)) + ',(n)->(n)', nopython=True)(namespace['grad_func'])\n",
    "    hess_func = numba.guvectorize([','.join(['float64[:]'] * (len(wrt)+1)) + ',float64[:,:]'],\n",
    "                                   ','.join(['()'] * len(wrt)) + ',(n)->(n,n)', nopython=True)(namespace['hess_func'])\n",
    "    return grad_func, hess_func"
   ]
  },
  {
   "cell_type": "code",
   "execution_count": 23,
   "metadata": {
    "collapsed": false,
    "scrolled": false
   },
   "outputs": [
    {
     "name": "stdout",
     "output_type": "stream",
     "text": [
      "def grad_func(_x0,_x1,_x2,_x3,_x4,_x5, lengthfix, result):\n",
      "    result[0] = grad_0(_x0[0],_x1[0],_x2[0],_x3[0],_x4[0],_x5[0])\n",
      "    result[1] = grad_1(_x0[0],_x1[0],_x2[0],_x3[0],_x4[0],_x5[0])\n",
      "    result[2] = grad_2(_x0[0],_x1[0],_x2[0],_x3[0],_x4[0],_x5[0])\n",
      "    result[3] = grad_3(_x0[0],_x1[0],_x2[0],_x3[0],_x4[0],_x5[0])\n",
      "    result[4] = grad_4(_x0[0],_x1[0],_x2[0],_x3[0],_x4[0],_x5[0])\n",
      "    result[5] = grad_5(_x0[0],_x1[0],_x2[0],_x3[0],_x4[0],_x5[0])\n",
      "def hess_func(_x0,_x1,_x2,_x3,_x4,_x5, lengthfix, result):\n",
      "    result[0,0] = result[0, 0] = hess_00(_x0[0],_x1[0],_x2[0],_x3[0],_x4[0],_x5[0])\n",
      "    result[0,1] = result[1, 0] = hess_01(_x0[0],_x1[0],_x2[0],_x3[0],_x4[0],_x5[0])\n",
      "    result[0,2] = result[2, 0] = hess_02(_x0[0],_x1[0],_x2[0],_x3[0],_x4[0],_x5[0])\n",
      "    result[0,3] = result[3, 0] = hess_03(_x0[0],_x1[0],_x2[0],_x3[0],_x4[0],_x5[0])\n",
      "    result[0,4] = result[4, 0] = hess_04(_x0[0],_x1[0],_x2[0],_x3[0],_x4[0],_x5[0])\n",
      "    result[0,5] = result[5, 0] = hess_05(_x0[0],_x1[0],_x2[0],_x3[0],_x4[0],_x5[0])\n",
      "    result[1,1] = result[1, 1] = hess_11(_x0[0],_x1[0],_x2[0],_x3[0],_x4[0],_x5[0])\n",
      "    result[1,2] = result[2, 1] = hess_12(_x0[0],_x1[0],_x2[0],_x3[0],_x4[0],_x5[0])\n",
      "    result[1,3] = result[3, 1] = hess_13(_x0[0],_x1[0],_x2[0],_x3[0],_x4[0],_x5[0])\n",
      "    result[1,4] = result[4, 1] = hess_14(_x0[0],_x1[0],_x2[0],_x3[0],_x4[0],_x5[0])\n",
      "    result[1,5] = result[5, 1] = hess_15(_x0[0],_x1[0],_x2[0],_x3[0],_x4[0],_x5[0])\n",
      "    result[2,2] = result[2, 2] = hess_22(_x0[0],_x1[0],_x2[0],_x3[0],_x4[0],_x5[0])\n",
      "    result[2,3] = result[3, 2] = hess_23(_x0[0],_x1[0],_x2[0],_x3[0],_x4[0],_x5[0])\n",
      "    result[2,4] = result[4, 2] = hess_24(_x0[0],_x1[0],_x2[0],_x3[0],_x4[0],_x5[0])\n",
      "    result[2,5] = result[5, 2] = hess_25(_x0[0],_x1[0],_x2[0],_x3[0],_x4[0],_x5[0])\n",
      "    result[3,3] = result[3, 3] = hess_33(_x0[0],_x1[0],_x2[0],_x3[0],_x4[0],_x5[0])\n",
      "    result[3,4] = result[4, 3] = hess_34(_x0[0],_x1[0],_x2[0],_x3[0],_x4[0],_x5[0])\n",
      "    result[3,5] = result[5, 3] = hess_35(_x0[0],_x1[0],_x2[0],_x3[0],_x4[0],_x5[0])\n",
      "    result[4,4] = result[4, 4] = hess_44(_x0[0],_x1[0],_x2[0],_x3[0],_x4[0],_x5[0])\n",
      "    result[4,5] = result[5, 4] = hess_45(_x0[0],_x1[0],_x2[0],_x3[0],_x4[0],_x5[0])\n",
      "    result[5,5] = result[5, 5] = hess_55(_x0[0],_x1[0],_x2[0],_x3[0],_x4[0],_x5[0])\n",
      "CPU times: user 14min 36s, sys: 3.06 s, total: 14min 39s\n",
      "Wall time: 14min 34s\n"
     ]
    }
   ],
   "source": [
    "%time grad_func, hess_func = make_gradient_from_graph(mod.ast, mod.variables)"
   ]
  },
  {
   "cell_type": "code",
   "execution_count": 24,
   "metadata": {
    "collapsed": false
   },
   "outputs": [
    {
     "name": "stdout",
     "output_type": "stream",
     "text": [
      "CPU times: user 130 ms, sys: 0 ns, total: 130 ms\n",
      "Wall time: 129 ms\n"
     ]
    },
    {
     "data": {
      "text/plain": [
       "array([[[[ -2.33212125e+01,  -5.36832606e+03,  -1.49158148e+04,\n",
       "           -2.11298180e+04,  -2.23344599e+04,  -5.67704297e+04],\n",
       "         [ -3.75829968e+01,  -8.32937199e+03,  -1.87695977e+04,\n",
       "           -3.98934407e+04,  -4.11798979e+04,  -1.06274990e+05],\n",
       "         [ -4.56736213e+01,  -1.06891890e+04,  -3.55824578e+04,\n",
       "           -3.73301291e+04,  -4.67603182e+04,  -1.00191370e+05],\n",
       "         ..., \n",
       "         [ -2.16156897e+01,  -2.03573573e+04,  -8.42319125e+03,\n",
       "           -2.66323526e+04,  -1.95150855e+04,  -7.35335140e+04],\n",
       "         [ -1.56368680e+01,  -1.59148513e+03,  -1.26038410e+03,\n",
       "           -1.73469405e+04,  -1.51941367e+04,  -3.48687251e+04],\n",
       "         [ -2.28003748e+01,  -1.17088751e+04,  -3.53854494e+04,\n",
       "           -1.15731699e+04,  -1.70976540e+04,  -4.82762518e+04]],\n",
       "\n",
       "        [[ -3.42651759e+01,  -1.12853063e+04,  -2.29436171e+04,\n",
       "           -3.18517067e+04,  -3.47357442e+04,  -9.15827379e+04],\n",
       "         [ -2.99331956e+00,  -6.97252803e+03,   5.44645838e+02,\n",
       "           -9.40664217e+02,  -6.83177601e+00,  -2.16717055e+04],\n",
       "         [ -4.40280794e+01,  -5.96194978e+04,  -3.49190126e+04,\n",
       "           -4.32807343e+04,  -3.31374725e+04,  -1.04247106e+05],\n",
       "         ..., \n",
       "         [ -2.76190392e+01,  -5.50010988e+04,  -3.35088572e+04,\n",
       "           -1.88986653e+04,  -1.34216334e+04,  -7.26814600e+04],\n",
       "         [ -6.83033035e+00,  -2.69357467e+02,  -5.99957506e+03,\n",
       "           -2.65688800e+03,  -5.60572803e+03,  -2.63882305e+04],\n",
       "         [ -5.13872096e+00,   3.78618751e+01,  -6.48186545e+03,\n",
       "           -5.17564621e+02,  -2.65572551e+03,  -1.93548190e+04]],\n",
       "\n",
       "        [[ -4.92884354e+01,  -6.57930804e+04,  -2.85527928e+04,\n",
       "           -5.33961039e+04,  -3.67920096e+04,  -1.17039124e+05],\n",
       "         [ -1.68969839e+01,  -2.61661434e+04,  -3.50461596e+04,\n",
       "           -4.07221404e+03,  -8.54893299e+03,  -3.96157184e+04],\n",
       "         [ -9.62800502e+00,  -9.50004919e+02,  -6.17818442e+02,\n",
       "           -9.67404679e+03,  -8.54030645e+03,  -3.36619730e+04],\n",
       "         ..., \n",
       "         [ -2.27285232e+01,  -2.89225443e+04,  -2.13133721e+04,\n",
       "           -1.83260778e+04,  -1.62550989e+04,  -5.21271308e+04],\n",
       "         [ -1.81221872e+01,  -1.96152456e+04,  -9.83641065e+03,\n",
       "           -2.01852563e+04,  -1.44966354e+04,  -5.83022843e+04],\n",
       "         [ -9.90269543e+00,  -3.62867329e+03,  -1.23974284e+04,\n",
       "           -4.74415312e+03,  -8.29308730e+03,  -2.54965592e+04]],\n",
       "\n",
       "        [[ -2.67408733e+01,  -2.09314670e+03,  -3.55691292e+04,\n",
       "           -1.27469981e+04,  -2.06566541e+04,  -7.23674076e+04],\n",
       "         [ -7.87680165e+00,  -3.08969313e+03,  -7.81802789e+03,\n",
       "           -3.05973813e+03,  -4.88327451e+03,  -2.41389389e+04],\n",
       "         [ -1.43345446e+01,  -1.59065880e+04,  -3.37486019e+04,\n",
       "           -4.19115397e+03,  -8.29195637e+03,  -2.21346162e+04],\n",
       "         ..., \n",
       "         [ -1.67964215e+01,  -4.53756176e+04,  -3.74763588e+03,\n",
       "           -2.26400276e+04,  -1.87026364e+03,  -1.62721218e+04],\n",
       "         [ -5.36754690e+00,  -9.71990907e+03,  -1.23034587e+03,\n",
       "           -2.92014688e+03,  -8.87133295e+02,  -2.59266098e+04],\n",
       "         [ -6.11306720e+00,  -1.06616058e+03,  -4.14163987e+03,\n",
       "           -3.29956321e+03,  -4.27541042e+03,  -5.14122262e+04]],\n",
       "\n",
       "        [[ -4.33652343e+01,  -5.80505194e+04,  -1.06162949e+04,\n",
       "           -4.93782998e+04,  -1.96176193e+04,  -6.26988716e+04],\n",
       "         [ -2.05661537e+00,  -4.27024965e+03,   1.46389579e+03,\n",
       "           -4.96600850e+02,   1.31755702e+02,  -2.23280359e+04],\n",
       "         [ -3.77876492e+01,   1.65427566e+03,  -2.78952401e+04,\n",
       "           -2.91545370e+04,  -3.81642340e+04,  -7.72146728e+04],\n",
       "         ..., \n",
       "         [ -1.05058837e+01,  -3.29348322e+04,  -1.40763526e+04,\n",
       "           -5.08224162e+03,  -1.52409800e+03,  -2.46874772e+04],\n",
       "         [ -1.50762111e+01,  -1.19879146e+04,  -2.68608406e+04,\n",
       "           -4.88042086e+03,  -1.31715120e+04,  -2.13930438e+04],\n",
       "         [ -7.95853628e+00,  -3.37896402e+03,  -5.50714016e+03,\n",
       "           -4.08802049e+03,  -4.78301470e+03,  -2.74244347e+04]]],\n",
       "\n",
       "\n",
       "       [[[ -1.01446390e+01,  -1.61020982e+04,  -8.15695449e+03,\n",
       "           -6.73641698e+03,  -5.19764515e+03,  -5.89925105e+04],\n",
       "         [ -1.17531345e+01,  -4.18873450e+04,  -5.40136253e+03,\n",
       "           -8.92471045e+03,  -9.04707678e+02,  -2.13804016e+04],\n",
       "         [ -3.10880995e+00,  -2.80940523e+02,  -4.41284211e+03,\n",
       "            2.93248513e+02,  -3.49703275e+02,  -1.59210989e+04],\n",
       "         ..., \n",
       "         [ -2.19239873e+01,  -1.59696840e+03,  -1.06783116e+04,\n",
       "           -1.83900582e+04,  -2.18190847e+04,  -3.55976166e+04],\n",
       "         [ -3.24450735e+00,   1.63338891e+03,   7.06952722e+01,\n",
       "           -9.59181191e+02,  -1.88799265e+03,  -3.34435837e+04],\n",
       "         [ -3.67196612e+01,  -1.43768765e+04,  -2.07935114e+04,\n",
       "           -3.27176258e+04,  -3.64050834e+04,  -6.31427942e+04]],\n",
       "\n",
       "        [[ -1.39087475e+01,  -1.46409724e+03,  -1.03953769e+04,\n",
       "           -8.58474708e+03,  -1.20285585e+04,  -3.44237710e+04],\n",
       "         [ -1.43645678e+01,  -1.33721537e+04,  -9.55586811e+03,\n",
       "           -1.27822765e+04,  -1.11645424e+04,  -6.44004729e+04],\n",
       "         [ -3.80000099e+01,  -2.31353730e+04,  -7.97044912e+04,\n",
       "           -8.87541265e+03,  -2.45098867e+04,  -7.52772030e+04],\n",
       "         ..., \n",
       "         [ -1.46780381e+01,  -6.19615182e+03,  -2.70569927e+04,\n",
       "           -5.15417445e+03,  -9.99473972e+03,  -3.21996738e+04],\n",
       "         [ -2.85925553e+01,  -6.64793960e+03,  -2.42167081e+04,\n",
       "           -1.66789779e+04,  -2.67997332e+04,  -5.35217173e+04],\n",
       "         [ -2.17388974e+01,  -5.47617785e+04,  -2.77729853e+04,\n",
       "           -1.23573730e+04,  -4.91150967e+03,  -4.76262783e+04]],\n",
       "\n",
       "        [[ -1.00424234e+01,  -4.81359627e+03,  -7.28819580e+03,\n",
       "           -7.11105978e+03,  -7.52977457e+03,  -2.52808311e+04],\n",
       "         [ -9.12328504e+00,  -4.46964282e+03,  -2.22715186e+04,\n",
       "           -1.79467719e+03,  -6.95904622e+03,  -1.62357146e+04],\n",
       "         [ -5.22117152e+01,  -1.56986437e+04,  -9.81825063e+04,\n",
       "           -5.03584640e+03,  -3.50583883e+04,  -7.52985674e+04],\n",
       "         ..., \n",
       "         [ -4.02473928e+01,  -6.17412464e+03,  -1.79495045e+04,\n",
       "           -3.55559145e+04,  -4.18828815e+04,  -5.69962264e+04],\n",
       "         [ -2.41657401e+01,  -7.04498385e+03,  -2.24309863e+04,\n",
       "           -1.52415924e+04,  -2.23115124e+04,  -7.08676670e+04],\n",
       "         [ -1.19159101e+01,  -1.28940437e+04,  -7.68822044e+03,\n",
       "           -1.01504671e+04,  -7.35477006e+03,  -2.68462177e+04]],\n",
       "\n",
       "        [[ -3.81930373e+01,  -8.17474164e+03,  -6.41352610e+04,\n",
       "           -7.07089604e+03,  -2.53718118e+04,  -6.73619101e+04],\n",
       "         [ -2.46503892e+01,  -2.73895330e+04,  -2.29425568e+04,\n",
       "           -2.02842508e+04,  -1.76972069e+04,  -5.70867258e+04],\n",
       "         [ -2.96369031e+01,  -1.26587326e+04,  -3.33888454e+04,\n",
       "           -1.85614774e+04,  -2.61185514e+04,  -6.90950173e+04],\n",
       "         ..., \n",
       "         [ -2.45879727e+00,   3.99819036e+02,   6.14420058e+02,\n",
       "           -8.75169866e+02,  -8.72598359e+02,  -6.53746471e+04],\n",
       "         [ -8.22504536e+00,  -1.04767986e+04,  -4.80647637e+03,\n",
       "           -6.56800588e+03,  -3.83570851e+03,  -3.37495149e+04],\n",
       "         [ -1.32249243e+01,  -1.76589579e+03,  -7.55625617e+03,\n",
       "           -1.07968390e+04,  -1.37203988e+04,  -1.80795840e+04]],\n",
       "\n",
       "        [[ -2.01576838e+01,  -9.04724991e+03,  -4.14561289e+04,\n",
       "           -7.92594864e+02,  -1.35410038e+04,  -4.60894110e+04],\n",
       "         [ -4.81634417e+01,  -1.89793950e+04,  -2.84578827e+04,\n",
       "           -5.43632467e+04,  -4.49003781e+04,  -1.01145904e+05],\n",
       "         [ -8.55181955e+00,  -2.95833439e+03,  -1.60909629e+03,\n",
       "           -8.40136881e+03,  -7.54476836e+03,  -1.75437117e+04],\n",
       "         ..., \n",
       "         [ -2.34547497e+01,  -1.24292594e+04,  -4.95047726e+04,\n",
       "           -2.35836588e+03,  -1.46765045e+04,  -6.23476380e+04],\n",
       "         [ -3.86410859e+00,  -1.38525287e+03,   2.30283288e+02,\n",
       "           -2.64700871e+03,  -1.15961116e+03,  -1.73248637e+04],\n",
       "         [ -2.39631250e+01,  -2.21453410e+04,  -1.47858263e+04,\n",
       "           -2.39036011e+04,  -2.02791167e+04,  -6.16694078e+04]]],\n",
       "\n",
       "\n",
       "       [[[ -2.87748285e+01,  -3.43868167e+04,  -4.58819475e+04,\n",
       "           -2.22206558e+04,  -3.14457331e+04,  -7.26120461e+04],\n",
       "         [ -2.49334087e+01,  -3.71803965e+04,  -4.76171369e+04,\n",
       "           -2.25589769e+04,  -2.06862338e+04,  -8.41732275e+04],\n",
       "         [ -3.40097377e+00,   1.24801725e+02,  -3.29432759e+03,\n",
       "           -1.70032727e+02,  -1.03644228e+03,  -1.84470592e+04],\n",
       "         ..., \n",
       "         [ -3.93060722e+01,   2.19702887e+03,  -2.61092107e+04,\n",
       "           -4.87213662e+04,  -5.90692652e+04,  -9.61344705e+04],\n",
       "         [ -8.58968137e+00,   3.01041064e+03,  -4.34313281e+03,\n",
       "           -5.31889435e+03,  -9.52293046e+03,  -1.63960956e+04],\n",
       "         [ -5.12494582e+00,  -1.27603095e+04,  -3.59815520e+03,\n",
       "           -4.87414117e+03,  -1.16840710e+03,  -7.37510709e+03]],\n",
       "\n",
       "        [[ -2.16970589e+01,  -7.16689169e+04,  -3.99122143e+04,\n",
       "           -1.29589268e+04,  -4.04676737e+03,  -4.15831176e+04],\n",
       "         [ -1.45159941e+01,  -4.40607018e+03,  -1.15992619e+04,\n",
       "           -1.18766001e+04,  -1.66129363e+04,  -3.26992307e+04],\n",
       "         [ -1.48096567e+01,  -2.95582582e+04,  -3.04820054e+04,\n",
       "           -7.24428325e+03,  -1.02553599e+04,  -4.09679692e+04],\n",
       "         ..., \n",
       "         [ -1.34087219e+01,  -1.38053333e+04,  -2.26482180e+04,\n",
       "           -1.72642812e+04,  -2.06150236e+04,  -1.08982206e+05],\n",
       "         [ -8.40861778e+00,   1.03694103e+03,  -6.25162283e+03,\n",
       "           -6.38166826e+03,  -9.41208887e+03,  -3.97428685e+04],\n",
       "         [ -3.70448189e+01,  -4.69081042e+03,  -5.08141638e+03,\n",
       "           -6.05394270e+04,  -4.38381230e+04,  -4.53807511e+04]],\n",
       "\n",
       "        [[ -1.07534642e+01,  -1.28394603e+04,  -1.83536677e+04,\n",
       "           -6.54292006e+03,  -6.78107888e+03,  -1.96242997e+04],\n",
       "         [ -7.94836196e+00,  -1.97872927e+04,  -1.06149972e+04,\n",
       "           -4.26751052e+03,  -2.92041464e+03,  -2.51764530e+04],\n",
       "         [ -1.30935959e+01,  -4.03271159e+04,  -9.91517503e+03,\n",
       "           -1.27827950e+04,  -3.03911855e+03,  -3.43744421e+04],\n",
       "         ..., \n",
       "         [ -5.09041956e+00,  -5.05611020e+02,  -9.90170614e+03,\n",
       "           -6.91328818e+01,  -3.25976530e+03,  -1.33887964e+04],\n",
       "         [ -5.00601027e+00,  -6.49367468e+03,  -8.18467950e+03,\n",
       "           -1.38495915e+03,  -1.74770548e+03,  -9.26499952e+03],\n",
       "         [ -1.58881131e+01,  -2.62090416e+04,  -2.68971863e+04,\n",
       "           -1.61558039e+04,  -1.71240474e+04,  -8.62363619e+04]],\n",
       "\n",
       "        [[ -2.27337568e+01,  -8.03308536e+02,  -3.67517673e+04,\n",
       "           -2.01117934e+04,  -2.94554146e+04,  -9.47328370e+04],\n",
       "         [ -2.98441691e+01,  -3.24040060e+04,  -4.53533550e+04,\n",
       "           -3.43617549e+04,  -3.46725752e+04,  -1.07051187e+05],\n",
       "         [ -1.98024906e+01,  -2.22216859e+04,  -1.07299662e+04,\n",
       "           -2.68712374e+04,  -2.08267009e+04,  -4.49613545e+04],\n",
       "         ..., \n",
       "         [ -2.72163807e+01,  -7.03390492e+04,  -4.93270079e+04,\n",
       "           -2.19474756e+04,  -1.87857644e+04,  -8.23635002e+04],\n",
       "         [ -3.52130617e+00,   9.07972292e+02,  -2.03069129e+03,\n",
       "           -8.02601551e+02,  -2.73741795e+03,  -1.32827944e+04],\n",
       "         [ -2.87360668e+01,  -1.01383843e+04,  -7.90513612e+04,\n",
       "            2.19943877e+01,  -2.23460803e+04,  -3.97605919e+04]],\n",
       "\n",
       "        [[ -1.71868869e+01,  -2.37424928e+04,  -4.07365674e+04,\n",
       "           -3.49175745e+03,  -2.01972397e+04,  -3.51215451e+04],\n",
       "         [ -6.69428498e+00,  -5.54279903e+02,  -9.81267064e+03,\n",
       "           -4.41145773e+03,  -7.20450929e+03,  -6.38563890e+04],\n",
       "         [ -2.60753031e+01,  -5.09217902e+04,  -6.36966302e+04,\n",
       "           -2.15838706e+04,  -3.03800035e+04,  -1.40391328e+05],\n",
       "         ..., \n",
       "         [ -5.42734303e+00,  -3.07323575e+03,  -3.02363943e+03,\n",
       "           -3.40311188e+03,  -3.05965047e+03,  -2.34311361e+04],\n",
       "         [ -2.86190489e+00,   6.91984609e+02,  -1.50419991e+03,\n",
       "           -2.09132009e+03,  -2.71276798e+03,  -4.99026755e+04],\n",
       "         [ -6.57901744e+00,  -2.21342095e+03,  -6.16504515e+03,\n",
       "           -5.51736590e+03,  -6.66447461e+03,  -5.18319553e+04]]],\n",
       "\n",
       "\n",
       "       [[[ -1.25262111e+01,  -1.11989823e+04,  -1.97102652e+04,\n",
       "           -3.84862808e+03,  -7.22386160e+03,  -3.39424578e+04],\n",
       "         [ -2.68960642e+01,  -5.42724687e+04,  -4.85012690e+04,\n",
       "           -1.16271668e+04,  -1.00848762e+04,  -5.00182270e+04],\n",
       "         [ -1.21872946e+01,  -2.72071835e+03,  -2.10349861e+04,\n",
       "           -1.73198047e+03,  -7.95569249e+03,  -2.67943239e+04],\n",
       "         ..., \n",
       "         [ -3.94250463e+01,  -2.22204533e+04,  -2.86534688e+04,\n",
       "           -3.43474572e+04,  -3.58664729e+04,  -9.44470047e+04],\n",
       "         [ -2.26311922e+00,   1.09062162e+03,   1.49661911e+03,\n",
       "           -9.21497933e+01,  -3.10509142e+02,  -4.71104493e+04],\n",
       "         [ -1.37883186e+01,  -2.36003185e+03,  -5.85704454e+03,\n",
       "           -1.41906852e+04,  -1.40607371e+04,  -8.44575914e+04]],\n",
       "\n",
       "        [[ -9.13282384e+00,  -1.62794668e+03,  -1.05502297e+04,\n",
       "           -3.18953248e+03,  -5.89840733e+03,  -4.71961104e+04],\n",
       "         [ -9.75174422e+00,  -2.84521285e+04,  -5.00826683e+03,\n",
       "           -5.41218078e+03,  -9.44693110e+02,  -3.32988408e+04],\n",
       "         [ -2.77747769e+01,  -7.79735552e+04,  -3.46892988e+04,\n",
       "           -1.19727299e+04,  -5.70374733e+03,  -6.12339575e+04],\n",
       "         ..., \n",
       "         [ -3.35116807e+01,  -6.86766168e+04,  -3.02042438e+04,\n",
       "           -3.20811790e+04,  -9.10996895e+03,  -5.62781504e+04],\n",
       "         [ -4.03159608e+01,  -1.07326002e+05,  -2.05092520e+04,\n",
       "           -2.81852011e+04,  -4.46205884e+03,  -9.10635696e+04],\n",
       "         [ -4.96282916e+01,  -5.43091869e+04,  -1.31043454e+04,\n",
       "           -5.60254634e+04,  -2.29253841e+04,  -6.53878232e+04]],\n",
       "\n",
       "        [[ -4.90600190e+00,   7.01173385e+02,  -1.11151959e+03,\n",
       "           -3.08048561e+03,  -3.37708023e+03,  -6.03960423e+04],\n",
       "         [ -6.46396052e+01,  -6.04362790e+04,  -3.13108340e+04,\n",
       "           -7.13824334e+04,  -5.75357492e+04,  -1.57931998e+05],\n",
       "         [ -1.49878189e+01,  -7.76472202e+03,  -2.17879584e+04,\n",
       "           -5.27228739e+03,  -1.03472308e+04,  -6.59789405e+04],\n",
       "         ..., \n",
       "         [ -1.19666077e+01,  -3.88636204e+04,  -1.12820173e+04,\n",
       "           -6.36577824e+03,  -1.55716440e+03,  -2.54592326e+04],\n",
       "         [ -5.43774970e+00,  -3.41421653e+02,  -5.01682754e+03,\n",
       "           -7.89661975e+02,  -2.34194123e+03,  -2.96321966e+04],\n",
       "         [ -4.49555227e+01,  -8.39523570e+03,  -4.86029675e+04,\n",
       "           -3.04086234e+04,  -4.07246500e+04,  -1.28128973e+05]],\n",
       "\n",
       "        [[ -1.08532783e+01,  -8.52803204e+03,  -1.59488610e+04,\n",
       "           -3.53163090e+03,  -6.53032780e+03,  -2.79564884e+04],\n",
       "         [ -1.13700626e+01,  -1.08549786e+04,  -3.76764720e+03,\n",
       "           -1.00462300e+04,  -6.18202873e+03,  -3.33831627e+04],\n",
       "         [ -2.81563654e+01,  -1.06092820e+04,  -3.62236023e+03,\n",
       "           -3.20184662e+04,  -2.41879014e+04,  -4.85157963e+04],\n",
       "         ..., \n",
       "         [ -3.25297760e+01,  -6.72534211e+03,  -2.72215251e+04,\n",
       "           -1.39832826e+04,  -2.83247570e+04,  -6.08092963e+04],\n",
       "         [ -3.26109899e+01,  -3.98911333e+04,  -4.08171928e+04,\n",
       "           -2.21323794e+04,  -2.09727223e+04,  -8.29958323e+04],\n",
       "         [ -5.11728405e+01,  -5.00262809e+04,  -4.40581254e+04,\n",
       "           -5.00854359e+04,  -4.85616554e+04,  -1.76324165e+05]],\n",
       "\n",
       "        [[ -1.37569165e+01,  -3.43741225e+03,  -1.25175071e+04,\n",
       "           -6.93240149e+03,  -1.03766249e+04,  -4.07423513e+04],\n",
       "         [ -6.20445903e+00,  -1.38676785e+04,  -2.05881344e+03,\n",
       "           -3.43302219e+03,  -7.49151606e+02,  -2.87944472e+04],\n",
       "         [ -2.37362750e+01,  -1.05835266e+04,  -4.01179461e+04,\n",
       "           -5.61607677e+03,  -1.65090576e+04,  -7.70944082e+04],\n",
       "         ..., \n",
       "         [ -6.27882135e+00,  -1.78598566e+04,  -7.55422670e+03,\n",
       "           -1.59681898e+03,  -5.60776367e+02,  -2.11633167e+04],\n",
       "         [ -3.76939244e+00,  -8.18509231e+03,  -3.39798834e+03,\n",
       "           -9.52008463e+02,  -7.55509234e+00,  -1.38593330e+04],\n",
       "         [ -7.35804813e+00,  -1.01364545e+04,  -9.73201706e+03,\n",
       "           -2.09334354e+03,  -2.23502528e+03,  -2.33221812e+04]]],\n",
       "\n",
       "\n",
       "       [[[ -2.80146025e+01,   6.14245673e+03,  -1.62788930e+04,\n",
       "           -2.97228179e+04,  -3.82051846e+04,  -5.04216281e+04],\n",
       "         [ -5.55375307e+00,  -5.15839121e+03,  -1.17824736e+04,\n",
       "           -1.01225921e+03,  -2.35215825e+03,  -1.12133044e+04],\n",
       "         [ -1.44140464e+01,  -2.25430111e+04,  -1.78699240e+04,\n",
       "           -1.30099983e+04,  -1.33273321e+04,  -4.04415458e+04],\n",
       "         ..., \n",
       "         [ -7.91882421e+00,  -1.89450849e+04,  -1.03365195e+04,\n",
       "           -4.18770725e+03,  -2.33377590e+03,  -1.86709753e+04],\n",
       "         [ -2.00443621e+01,  -1.12682855e+04,  -3.41833329e+04,\n",
       "           -1.26319303e+04,  -1.95703525e+04,  -3.42460091e+04],\n",
       "         [ -2.56867313e+00,  -2.76723238e+02,  -4.16066490e+03,\n",
       "            8.26673503e+01,  -9.30063817e+02,  -5.09391343e+03]],\n",
       "\n",
       "        [[ -1.04368280e+01,  -1.15834371e+04,  -4.36807651e+03,\n",
       "           -1.37997806e+04,  -1.02567482e+04,  -4.46776780e+04],\n",
       "         [ -1.07658621e+01,  -1.01659804e+04,  -1.52968001e+04,\n",
       "           -6.94934624e+03,  -8.12803208e+03,  -3.44642319e+04],\n",
       "         [ -1.73262390e+01,  -4.55429983e+03,   1.69015957e+03,\n",
       "           -2.77281463e+04,  -1.83076592e+04,  -1.99181110e+04],\n",
       "         ..., \n",
       "         [ -9.13932937e+00,   9.03754785e+02,  -8.01782688e+03,\n",
       "           -4.68814922e+03,  -9.08463027e+03,  -1.81480429e+04],\n",
       "         [ -2.93388542e+00,  -3.48333783e+03,  -5.31464874e+03,\n",
       "           -2.23575103e+01,  -3.30114874e+02,  -8.70234364e+03],\n",
       "         [ -2.60654875e+00,  -6.53633515e+02,  -1.11143998e+03,\n",
       "            1.31654399e+02,   1.17795680e+02,  -9.21383036e+03]],\n",
       "\n",
       "        [[ -2.87481578e+01,  -2.21282222e+04,  -6.39257642e+04,\n",
       "           -4.28366717e+03,  -3.03966927e+04,  -7.08426827e+04],\n",
       "         [ -6.26557081e+00,  -1.14982691e+03,  -3.95811378e+03,\n",
       "           -3.42270704e+03,  -4.55261019e+03,  -1.71720540e+04],\n",
       "         [ -3.17590708e+01,  -8.71994135e+04,  -4.41341803e+04,\n",
       "           -3.47440169e+04,  -2.55268821e+04,  -1.04336424e+05],\n",
       "         ..., \n",
       "         [ -1.01484297e+01,  -2.85405261e+04,  -4.46301516e+03,\n",
       "           -1.09209477e+04,  -2.82668641e+03,  -1.85155386e+04],\n",
       "         [ -2.79580854e+01,  -1.95691057e+04,  -2.42453827e+04,\n",
       "           -3.46766720e+04,  -2.80919904e+04,  -4.53567262e+04],\n",
       "         [ -1.44210663e+01,  -9.09850564e+03,  -1.20674129e+04,\n",
       "           -1.20890157e+04,  -1.51111414e+04,  -2.51823659e+04]],\n",
       "\n",
       "        [[ -1.16136818e+01,  -2.10418590e+04,  -5.40332832e+03,\n",
       "           -1.53974052e+04,  -3.49928874e+03,  -2.83162762e+04],\n",
       "         [ -7.78599615e+00,  -7.76707711e+03,  -1.01276444e+04,\n",
       "           -4.35711730e+03,  -4.29506293e+03,  -2.32983782e+04],\n",
       "         [ -1.06561500e+01,  -2.19216873e+04,  -1.43055122e+03,\n",
       "           -1.40802972e+04,  -4.48770663e+03,  -2.02511577e+04],\n",
       "         ..., \n",
       "         [ -2.47702081e+01,  -3.19619681e+04,  -4.24202677e+04,\n",
       "           -1.72003843e+04,  -2.64322867e+04,  -6.95083047e+04],\n",
       "         [ -1.72862266e+01,  -6.31051871e+03,  -3.12844898e+04,\n",
       "           -5.13363375e+03,  -1.75095114e+04,  -5.02545016e+04],\n",
       "         [ -2.63286296e+01,  -9.83849297e+03,  -2.37296575e+04,\n",
       "           -2.63028770e+04,  -3.18545971e+04,  -4.95153855e+04]],\n",
       "\n",
       "        [[ -2.44596431e+01,  -2.18384249e+03,  -5.97755974e+03,\n",
       "           -3.44047195e+04,  -3.42109514e+04,  -4.91112472e+04],\n",
       "         [ -4.73877529e+00,  -4.41386440e+03,  -2.25917043e+03,\n",
       "           -2.48716563e+03,  -1.86915540e+03,  -3.02521074e+04],\n",
       "         [ -1.60900536e+01,  -2.49055284e+04,  -4.03757076e+04,\n",
       "           -6.49436085e+03,  -1.09293854e+04,  -2.16557933e+04],\n",
       "         ..., \n",
       "         [ -2.06273031e+01,  -6.25455906e+03,  -5.91041562e+04,\n",
       "           -2.38888402e+03,  -1.98994499e+04,  -1.66593878e+04],\n",
       "         [ -1.86374951e+01,  -1.13407893e+04,  -3.89290318e+04,\n",
       "           -1.87205131e+03,  -1.95355640e+04,  -3.04389402e+04],\n",
       "         [ -1.12678506e+01,  -1.04107457e+04,  -2.47168605e+04,\n",
       "           -6.57322013e+03,  -1.18886937e+04,  -7.94347123e+04]]]])"
      ]
     },
     "execution_count": 24,
     "metadata": {},
     "output_type": "execute_result"
    }
   ],
   "source": [
    "%time grad_func(x1, x2, x3, x4, x5, x6, np.empty(6), np.empty(x6.shape + (6,)))"
   ]
  },
  {
   "cell_type": "code",
   "execution_count": 26,
   "metadata": {
    "collapsed": false
   },
   "outputs": [
    {
     "name": "stdout",
     "output_type": "stream",
     "text": [
      "CPU times: user 342 ms, sys: 7 ms, total: 349 ms\n",
      "Wall time: 347 ms\n",
      "[[[[[ -2.03298325e-02  -1.42391923e+01  -8.78351681e+00  -8.14509029e-01\n",
      "      -1.23907921e+00  -5.45246223e+01]\n",
      "    [ -1.42391923e+01   3.68504602e+04  -2.60720978e+02  -9.48984017e+03\n",
      "      -2.66966492e+04  -1.65588736e+04]\n",
      "    [ -8.78351681e+00  -2.60720978e+02   1.85383980e+04  -2.83455971e+04\n",
      "      -1.43115770e+04  -4.20604230e+04]\n",
      "    [ -8.14509029e-01  -9.48984017e+03  -2.83455971e+04   6.05513981e+03\n",
      "       3.16021807e+03  -5.49553873e+04]\n",
      "    [ -1.23907921e+00  -2.66966492e+04  -1.43115770e+04   3.16021807e+03\n",
      "       3.92236856e+03  -5.69438261e+04]\n",
      "    [ -5.45246223e+01  -1.65588736e+04  -4.20604230e+04  -5.49553873e+04\n",
      "      -5.69438261e+04  -7.68856036e+04]]\n",
      "\n",
      "   [[ -3.64667492e-02  -2.17052236e+01  -1.32267888e+01  -1.44862750e+00\n",
      "       2.53322706e+00  -8.31413249e+01]\n",
      "    [ -2.17052236e+01   6.30456110e+04   1.72689603e+03  -9.95273206e+03\n",
      "      -3.21399741e+04  -2.29344856e+04]\n",
      "    [ -1.32267888e+01   1.72689603e+03   3.47780308e+04  -5.07805698e+04\n",
      "      -2.72980442e+04  -4.58884030e+04]\n",
      "    [ -1.44862750e+00  -9.95273206e+03  -5.07805698e+04   2.65248816e+04\n",
      "      -3.08823628e+03  -8.80951121e+04]\n",
      "    [  2.53322706e+00  -3.21399741e+04  -2.72980442e+04  -3.08823628e+03\n",
      "       5.43317710e+03  -9.45700001e+04]\n",
      "    [ -8.31413249e+01  -2.29344856e+04  -4.58884030e+04  -8.80951121e+04\n",
      "      -9.45700001e+04  -1.58236983e+05]]\n",
      "\n",
      "   [[ -4.20075903e-02  -2.93876541e+01  -1.96742069e+01  -3.75319714e+00\n",
      "       6.91151989e-02  -9.01968442e+01]\n",
      "    [ -2.93876541e+01   6.55822202e+04   3.32402756e+03  -1.14544740e+04\n",
      "      -4.16868484e+04  -2.51528574e+04]\n",
      "    [ -1.96742069e+01   3.32402756e+03   2.92548461e+04  -5.94483862e+04\n",
      "      -3.56356432e+04  -7.59498586e+04]\n",
      "    [ -3.75319714e+00  -1.14544740e+04  -5.94483862e+04   1.33603667e+04\n",
      "       3.62213359e+03  -7.72601650e+04]\n",
      "    [  6.91151989e-02  -4.16868484e+04  -3.56356432e+04   3.62213359e+03\n",
      "       3.04748858e+03  -9.72065722e+04]\n",
      "    [ -9.01968442e+01  -2.51528574e+04  -7.59498586e+04  -7.72601650e+04\n",
      "      -9.72065722e+04  -1.68805479e+05]]\n",
      "\n",
      "   ..., \n",
      "   [[ -2.10168067e-02  -1.00730522e+01  -7.63352162e+00  -1.73008278e+00\n",
      "       1.10475002e+00  -5.46102110e+01]\n",
      "    [ -1.00730522e+01   4.29610353e+04  -7.76973999e+03  -1.17098953e+04\n",
      "      -2.73558458e+04  -5.78460617e+04]\n",
      "    [ -7.63352162e+00  -7.76973999e+03   2.60964371e+04  -2.72768855e+04\n",
      "      -9.95264259e+03  -2.71843153e+04]\n",
      "    [ -1.73008278e+00  -1.17098953e+04  -2.72768855e+04   2.99978694e+04\n",
      "      -2.22978060e+03  -6.82970797e+04]\n",
      "    [  1.10475002e+00  -2.73558458e+04  -9.95264259e+03  -2.22978060e+03\n",
      "       3.95044014e+03  -5.43633587e+04]\n",
      "    [ -5.46102110e+01  -5.78460617e+04  -2.71843153e+04  -6.82970797e+04\n",
      "      -5.43633587e+04  -9.73082098e+04]]\n",
      "\n",
      "   [[ -1.27766578e-02  -8.19888279e+00  -5.58187181e+00  -1.62807931e+00\n",
      "      -2.00160656e-02  -4.70951773e+01]\n",
      "    [ -8.19888279e+00   2.48371603e+04   3.57304024e+03  -7.44448269e+03\n",
      "      -1.89034135e+04  -9.00473082e+03]\n",
      "    [ -5.58187181e+00   3.57304024e+03   1.56991303e+04  -1.85758792e+04\n",
      "      -8.62500584e+03  -9.75856766e+03]\n",
      "    [ -1.62807931e+00  -7.44448269e+03  -1.85758792e+04   1.24188754e+04\n",
      "       4.58833997e+02  -5.58850768e+04]\n",
      "    [ -2.00160656e-02  -1.89034135e+04  -8.62500584e+03   4.58833997e+02\n",
      "       3.91859333e+03  -5.12608110e+04]\n",
      "    [ -4.70951773e+01  -9.00473082e+03  -9.75856766e+03  -5.58850768e+04\n",
      "      -5.12608110e+04  -4.24620486e+04]]\n",
      "\n",
      "   [[ -1.92692675e-02  -1.71819414e+01  -1.41815754e+01  -3.37135032e+00\n",
      "      -5.30024303e+00  -4.64109017e+01]\n",
      "    [ -1.71819414e+01   2.83217426e+04  -1.15141103e+04  -4.88617963e+03\n",
      "      -2.21754940e+04  -2.84769429e+04]\n",
      "    [ -1.41815754e+01  -1.15141103e+04   1.21809680e+04  -2.98497654e+04\n",
      "      -1.46022999e+04  -8.19146845e+04]\n",
      "    [ -3.37135032e+00  -4.88617963e+03  -2.98497654e+04   3.93239718e+03\n",
      "       4.55188889e+03  -2.78213880e+04]\n",
      "    [ -5.30024303e+00  -2.21754940e+04  -1.46022999e+04   4.55188889e+03\n",
      "       3.34570923e+03  -3.85489486e+04]\n",
      "    [ -4.64109017e+01  -2.84769429e+04  -8.19146845e+04  -2.78213880e+04\n",
      "      -3.85489486e+04  -7.05056627e+04]]]\n",
      "\n",
      "\n",
      "  [[[ -3.24482105e-02  -2.03569532e+01  -1.53659575e+01  -6.23033564e+00\n",
      "       6.36383320e-01  -7.39461350e+01]\n",
      "    [ -2.03569532e+01   5.23824375e+04   2.18291065e+03  -6.23972402e+03\n",
      "      -2.69117271e+04  -2.91700170e+04]\n",
      "    [ -1.53659575e+01   2.18291065e+03   2.44680903e+04  -4.89010960e+04\n",
      "      -2.76493763e+04  -5.36152628e+04]\n",
      "    [ -6.23033564e+00  -6.23972402e+03  -4.89010960e+04   7.71562009e+04\n",
      "      -2.93673920e+03  -6.70725990e+04]\n",
      "    [  6.36383320e-01  -2.69117271e+04  -2.76493763e+04  -2.93673920e+03\n",
      "       4.52798121e+03  -7.92594675e+04]\n",
      "    [ -7.39461350e+01  -2.91700170e+04  -5.36152628e+04  -6.70725990e+04\n",
      "      -7.92594675e+04  -1.37537333e+05]]\n",
      "\n",
      "   [[ -1.23585715e-03  -6.83248961e+00   1.44485457e+00   1.14352005e-01\n",
      "       1.05319794e-01  -2.27959016e+01]\n",
      "    [ -6.83248961e+00   3.99300706e+04  -1.99708124e+03  -1.41515459e+03\n",
      "      -2.89423702e+03  -6.03390346e+04]\n",
      "    [  1.44485457e+00  -1.99708124e+03   3.27389420e+03  -8.97691921e+02\n",
      "       1.19563218e+02  -1.59502012e+04]\n",
      "    [  1.14352005e-01  -1.41515459e+03  -8.97691921e+02   1.62268876e+03\n",
      "       1.05770168e+02  -2.03443384e+04]\n",
      "    [  1.05319794e-01  -2.89423702e+03   1.19563218e+02   1.05770168e+02\n",
      "       1.12098934e+03  -4.70321840e+03]\n",
      "    [ -2.27959016e+01  -6.03390346e+04  -1.59502012e+04  -2.03443384e+04\n",
      "      -4.70321840e+03  -2.23041774e+04]]\n",
      "\n",
      "   [[ -4.22856525e-02  -2.66600850e+01  -2.29151562e+01  -3.50271631e+00\n",
      "      -2.84550080e+00  -8.35460589e+01]\n",
      "    [ -2.66600850e+01   9.28706910e+04  -3.65023501e+04  -2.57645048e+04\n",
      "      -7.23153410e+04  -1.20252327e+05]\n",
      "    [ -2.29151562e+01  -3.65023501e+04   4.11201954e+04  -5.34842416e+04\n",
      "      -1.67055607e+04  -7.29037269e+04]\n",
      "    [ -3.50271631e+00  -2.57645048e+04  -5.34842416e+04   1.67453308e+04\n",
      "       7.30653177e+02  -8.69552767e+04]\n",
      "    [ -2.84550080e+00  -7.23153410e+04  -1.67055607e+04   7.30653177e+02\n",
