{
 "cells": [
  {
   "cell_type": "code",
   "execution_count": 1,
   "metadata": {
    "collapsed": true
   },
   "outputs": [],
   "source": [
    "from pycalphad import Database, Model\n",
    "from pycalphad.core.utils import make_callable\n",
    "import pycalphad.variables as v\n",
    "import numba\n",
    "import numpy as np"
   ]
  },
  {
   "cell_type": "code",
   "execution_count": 2,
   "metadata": {
    "collapsed": false
   },
   "outputs": [],
   "source": [
    "dbf = Database('Al-Ni/Al-Ni-Dupin-2001.tdb')\n",
    "mod = Model(dbf, ['AL', 'NI', 'VA'], 'FCC_L12')"
   ]
  },
  {
   "cell_type": "code",
   "execution_count": 3,
   "metadata": {
    "collapsed": false
   },
   "outputs": [],
   "source": [
    "from sympy import lambdify\n",
    "from pycalphad.core.utils import NumPyPrinter\n",
    "@numba.jit('float64(boolean, float64, float64)', nopython=True, nogil=True)\n",
    "def where(condition, x, y):\n",
    "    if condition:\n",
    "        return x\n",
    "    else:\n",
    "        return y"
   ]
  },
  {
   "cell_type": "code",
   "execution_count": 4,
   "metadata": {
    "collapsed": false
   },
   "outputs": [],
   "source": [
    "\n",
    "x1 = np.random.rand(5, 1, 1)*2000\n",
    "x2 = np.random.rand(5, 5, 1)\n",
    "x3 = np.random.rand(5, 5, 1)\n",
    "x4 = np.random.rand(5, 5, 6000)\n",
    "x5 = np.random.rand(5, 5, 6000)\n",
    "x6 = np.random.rand(5, 5, 6000)\n",
    "#np.testing.assert_allclose(vec_func(x1, x2, x3, x4, x5, x6), pure_func(x1, x2, x3, x4, x5, x6))\n",
    "#%timeit vec_func(x1, x2, x3, x4, x5, x6)"
   ]
  },
  {
   "cell_type": "code",
   "execution_count": 5,
   "metadata": {
    "collapsed": false
   },
   "outputs": [],
   "source": [
    "from sympy import lambdify, count_ops\n",
    "import numba\n",
    "def make_gradient_from_graph(graph, wrt):\n",
    "    wrt = tuple(wrt)\n",
    "    grads = np.empty((len(wrt)), dtype=object)\n",
    "    hess_indices = []\n",
    "    namespace = {}\n",
    "    for i in range(len(wrt)):\n",
    "        grads[i] = graph.diff(wrt[i])\n",
    "        #print('------------------------------------')\n",
    "        #print(grads[i])\n",
    "        for j in range(i, len(wrt)):\n",
    "            hess_elem = grads[i].diff(wrt[j])\n",
    "            hess_elem_func = lambdify(tuple(wrt), hess_elem, dummify=True,\\\n",
    "                                      modules=[{'where': where}, 'numpy'], printer=NumPyPrinter)\n",
    "            namespace['hess_{0}{1}'.format(i, j)] = numba.jit('float64({})'.format(','.join(['float64'] * len(wrt))),\n",
    "                                                              nopython=True, nogil=True)(hess_elem_func)\n",
    "            hess_indices.append((i, j))\n",
    "        grad_elem_func = lambdify(tuple(wrt), grads[i], dummify=True,\\\n",
    "                                  modules=[{'where': where}, 'numpy'], printer=NumPyPrinter)\n",
    "        namespace['grad_{0}'.format(i)] = numba.jit('float64({})'.format(','.join(['float64'] * len(wrt))),\n",
    "                                                    nopython=True, nogil=True)(grad_elem_func)\n",
    "    # Build the gradient and Hessian using compile() and exec\n",
    "    # We do this because Numba needs \"static\" information about the arguments and functions\n",
    "    call_args = ','.join(['_x{0}'.format(i) for i in range(len(wrt))])\n",
    "    call_passed_args = ','.join(['_x{0}[0]'.format(i) for i in range(len(wrt))])\n",
    "\n",
    "    grad_code = 'def grad_func({0}, lengthfix, result):'.format(call_args)\n",
    "    grad_list = ['    result[..., {0}] = grad_{0}({1})'.format(i, call_passed_args) for i in range(len(wrt))]\n",
    "    grad_code = grad_code + '\\n' + '\\n'.join(grad_list)\n",
    "    #print(grad_code)\n",
    "    \n",
    "    grad_code = compile(grad_code, '<string>', 'exec')\n",
    "    try:\n",
    "        exec grad_code in namespace\n",
    "    except SyntaxError:\n",
    "        exec(grad_code, namespace)\n",
    "\n",
    "    # Now construct the Hessian\n",
    "    hess_code = 'def hess_func({0}, lengthfix, result):'.format(call_args)\n",
    "    hess_list = ['    result[{0},{1}] = result[{1}, {0}] = hess_{0}{1}({2})'.format(i, j, call_passed_args) \\\n",
    "                 for i, j in hess_indices]\n",
    "    hess_code = hess_code + '\\n' + '\\n'.join(hess_list)\n",
    "    #print(hess_code)\n",
    "    \n",
    "    hess_code = compile(hess_code, '<string>', 'exec')\n",
    "    try:\n",
    "        exec hess_code in namespace\n",
    "    except SyntaxError:\n",
    "        exec(hess_code, namespace)\n",
    "\n",
    "    grad_func = numba.guvectorize([','.join(['float64[:]'] * (len(wrt)+2))],\n",
    "                                   ','.join(['()'] * len(wrt)) + ',(n)->(n)', nopython=True)(namespace['grad_func'])\n",
    "    hess_func = None\n",
    "    hess_func = numba.guvectorize([','.join(['float64[:]'] * (len(wrt)+1)) + ',float64[:,:]'],\n",
    "                                   ','.join(['()'] * len(wrt)) + ',(n)->(n,n)', nopython=True)(namespace['hess_func'])\n",
    "    return grad_func, hess_func"
   ]
  },
  {
   "cell_type": "code",
   "execution_count": 6,
   "metadata": {
    "collapsed": false,
    "scrolled": false
   },
   "outputs": [
    {
     "name": "stdout",
     "output_type": "stream",
     "text": [
      "CPU times: user 2min 29s, sys: 634 ms, total: 2min 29s\n",
      "Wall time: 2min 29s\n"
     ]
    }
   ],
   "source": [
    "%time grad_func, hess_func = make_gradient_from_graph(mod.ast, mod.variables)"
   ]
  },
  {
   "cell_type": "code",
   "execution_count": 7,
   "metadata": {
    "collapsed": false
   },
   "outputs": [
    {
     "name": "stdout",
     "output_type": "stream",
     "text": [
      "CPU times: user 339 ms, sys: 1 ms, total: 340 ms\n",
      "Wall time: 341 ms\n"
     ]
    },
    {
     "data": {
      "text/plain": [
       "array([[[[  1.42907095e+03,  -4.99213737e+04,  -7.70312405e+04,\n",
       "           -2.78291675e+05,  -2.88806916e+05,  -7.14257185e+04],\n",
       "         [  1.22674823e+03,  -5.85084903e+04,  -5.62875954e+04,\n",
       "           -2.38297377e+05,  -2.46886197e+05,  -6.59177112e+04],\n",
       "         [  9.46422288e+02,  -2.05268579e+04,  -2.31703195e+04,\n",
       "           -1.79064904e+05,  -1.81666961e+05,  -3.24274073e+04],\n",
       "         ..., \n",
       "         [  1.31827788e+03,  -4.35055436e+04,  -6.70149392e+04,\n",
       "           -2.54631661e+05,  -2.63945208e+05,  -6.26772339e+04],\n",
       "         [  8.60420625e+02,  -1.07536356e+04,  -1.33131716e+04,\n",
       "           -1.61217941e+05,  -1.62292850e+05,  -1.96229186e+04],\n",
       "         [  8.54265977e+02,  -1.28082732e+04,  -1.46817503e+04,\n",
       "           -1.59289389e+05,  -1.60636815e+05,  -2.76918114e+04]],\n",
       "\n",
       "        [[  1.39427932e+03,  -5.92039278e+04,  -3.13226247e+04,\n",
       "           -2.85437147e+05,  -2.76707605e+05,  -4.02089132e+04],\n",
       "         [  1.38234626e+03,  -3.89737289e+04,  -6.26200478e+04,\n",
       "           -2.73195596e+05,  -2.72125879e+05,  -6.15140694e+04],\n",
       "         [  1.07283662e+03,  -2.67226775e+04,  -2.71689004e+04,\n",
       "           -2.08475472e+05,  -2.07716167e+05,  -3.18727367e+04],\n",
       "         ..., \n",
       "         [  1.01646319e+03,  -3.30999465e+04,  -2.56174242e+04,\n",
       "           -1.95917260e+05,  -1.95953937e+05,  -3.68812068e+04],\n",
       "         [  1.26986853e+03,  -6.29394139e+04,  -2.54259375e+04,\n",
       "           -2.60466898e+05,  -2.49471309e+05,  -3.76835477e+04],\n",
       "         [  8.76704010e+02,  -1.66589720e+04,  -1.16928342e+04,\n",
       "           -1.66322658e+05,  -1.64949326e+05,  -2.00472078e+04]],\n",
       "\n",
       "        [[  1.02589252e+03,  -3.34377623e+04,  -1.86008980e+04,\n",
       "           -2.03085876e+05,  -1.98653638e+05,  -3.25390096e+04],\n",
       "         [  7.99557185e+02,  -9.47400775e+03,  -7.72704140e+03,\n",
       "           -1.48343489e+05,  -1.48045067e+05,  -2.99120849e+04],\n",
       "         [  8.26342254e+02,  -1.29762843e+04,  -8.28430563e+03,\n",
       "           -1.57548308e+05,  -1.53867946e+05,  -2.00624541e+04],\n",
       "         ..., \n",
       "         [  1.53181488e+03,  -1.13725161e+05,  -7.18357488e+04,\n",
       "           -3.15059593e+05,  -3.15606551e+05,  -1.15285599e+05],\n",
       "         [  1.32525834e+03,  -7.35231985e+04,  -6.24582332e+04,\n",
       "           -2.62049999e+05,  -2.67576605e+05,  -9.21403004e+04],\n",
       "         [  1.13083580e+03,  -4.22503589e+04,  -3.80109083e+04,\n",
       "           -2.21826119e+05,  -2.22542477e+05,  -5.81513404e+04]],\n",
       "\n",
       "        [[  1.20259700e+03,  -3.16640771e+04,  -3.01494662e+04,\n",
       "           -2.51446914e+05,  -2.48079941e+05,  -5.93767044e+04],\n",
       "         [  1.46878843e+03,  -8.37250249e+04,  -3.43778442e+04,\n",
       "           -3.28731515e+05,  -3.13542962e+05,  -9.02129699e+04],\n",
       "         [  2.85291307e+06,  -3.69643929e+09,  -4.54466424e+09,\n",
       "           -1.23239872e+09,  -1.51515888e+09,  -1.00335116e+09],\n",
       "         ..., \n",
       "         [  8.37311712e+02,  -1.36073247e+04,  -8.23282453e+03,\n",
       "           -1.60561944e+05,  -1.57434727e+05,  -2.97838050e+04],\n",
       "         [  2.64722326e+15,  -8.70944933e+18,  -9.53426881e+18,\n",
       "           -2.90314978e+18,  -3.17808960e+18,  -1.26773473e+18],\n",
       "         [  1.29339083e+03,  -3.72609519e+04,  -3.74945779e+04,\n",
       "           -2.73473917e+05,  -2.70395176e+05,  -7.30246909e+04]],\n",
       "\n",
       "        [[  1.86729554e+03,  -1.87228898e+05,  -8.73737855e+05,\n",
       "           -2.73334110e+05,  -5.27994178e+05,  -4.88803902e+05],\n",
       "         [  8.66154753e+03,  -3.38869084e+06,  -8.87904989e+06,\n",
       "           -1.35477192e+06,  -3.20365052e+06,  -3.64914457e+06],\n",
       "         [  6.30422775e+07,  -6.39509578e+10,  -9.85082283e+10,\n",
       "           -2.13172201e+10,  -3.28363163e+10,  -3.09443583e+10],\n",
       "         ..., \n",
       "         [  2.45572738e+07,  -9.93180381e+09,  -4.64672209e+10,\n",
       "           -3.31086154e+09,  -1.54893432e+10,  -9.82863659e+09],\n",
       "         [  1.41924826e+03,  -8.74021297e+04,  -8.35314275e+04,\n",
       "           -2.94421202e+05,  -3.38421416e+05,  -2.04643614e+05],\n",
       "         [  4.70378285e+09,   5.79779325e+11,  -1.43831978e+13,\n",
       "            1.93259462e+11,  -4.79439960e+12,  -1.51230428e+12]]],\n",
       "\n",
       "\n",
       "       [[[  3.43733321e+03,  -3.11290366e+04,  -4.01009972e+04,\n",
       "           -2.02360828e+05,  -1.99276079e+05,  -7.69800096e+04],\n",
       "         [  3.80722452e+03,  -4.11892421e+04,  -6.27444120e+04,\n",
       "           -2.22619824e+05,  -2.29221830e+05,  -1.02031346e+05],\n",
       "         [  3.29380904e+03,  -2.73595052e+04,  -3.42498967e+04,\n",
       "           -1.86610839e+05,  -1.86992331e+05,  -9.06258024e+04],\n",
       "         ..., \n",
       "         [  3.88680963e+03,  -4.39898619e+04,  -6.35379661e+04,\n",
       "           -2.31874632e+05,  -2.36142214e+05,  -1.04724485e+05],\n",
       "         [  5.88872837e+03,  -9.83459214e+04,  -1.73139199e+05,\n",
       "           -3.66904919e+05,  -3.99852463e+05,  -2.36253121e+05],\n",
       "         [  3.57379891e+03,  -3.49687224e+04,  -4.82902477e+04,\n",
       "           -2.08265684e+05,  -2.10415873e+05,  -8.84485098e+04]],\n",
       "\n",
       "        [[  3.85561143e+03,  -6.87284458e+04,  -5.05834683e+04,\n",
       "           -2.29193733e+05,  -2.25253710e+05,  -8.04585945e+04],\n",
       "         [  3.68187340e+03,  -5.72874705e+04,  -4.19048066e+04,\n",
       "           -2.19146948e+05,  -2.13475137e+05,  -6.10863998e+04],\n",
       "         [  6.07348272e+03,  -1.88256970e+05,  -1.53951142e+05,\n",
       "           -3.81116335e+05,  -3.77441016e+05,  -2.27846247e+05],\n",
       "         ..., \n",
       "         [  3.76578392e+03,  -6.56579937e+04,  -4.87061642e+04,\n",
       "           -2.21706499e+05,  -2.19112422e+05,  -8.49990337e+04],\n",
       "         [  3.31493716e+03,  -3.82020590e+04,  -3.06258286e+04,\n",
       "           -1.88772498e+05,  -1.92485067e+05,  -5.58076106e+04],\n",
       "         [  3.56204496e+03,  -5.15207700e+04,  -3.77650742e+04,\n",
       "           -2.11868128e+05,  -2.05241797e+05,  -5.59268433e+04]],\n",
       "\n",
       "        [[  6.28331932e+03,  -9.77465909e+04,  -1.46716358e+05,\n",
       "           -4.07629866e+05,  -4.33622277e+05,  -2.17534651e+05],\n",
       "         [  5.60308611e+03,  -9.64040028e+04,  -1.17280951e+05,\n",
       "           -3.64514149e+05,  -3.78602306e+05,  -1.85087599e+05],\n",
       "         [  5.02331863e+03,  -9.36904120e+04,  -1.23411014e+05,\n",
       "           -3.08837096e+05,  -3.29986133e+05,  -2.00834829e+05],\n",
       "         ..., \n",
       "         [  5.50001943e+03,  -9.49324490e+04,  -1.15247782e+05,\n",
       "           -3.56038866e+05,  -3.70075886e+05,  -1.82376693e+05],\n",
       "         [  4.92954550e+03,  -9.71058096e+04,  -1.28220405e+05,\n",
       "           -2.99263240e+05,  -3.22743439e+05,  -2.13224274e+05],\n",
       "         [  3.77110725e+03,  -4.01250138e+04,  -5.01006649e+04,\n",
       "           -2.22571312e+05,  -2.29074362e+05,  -8.47209890e+04]],\n",
       "\n",
       "        [[  5.02367875e+03,  -7.22587149e+04,  -1.28176607e+05,\n",
       "           -2.99175884e+05,  -3.14378817e+05,  -1.11942035e+05],\n",
       "         [  3.80094242e+03,  -4.07311703e+04,  -6.56996199e+04,\n",
       "           -2.19997943e+05,  -2.26303342e+05,  -6.69796340e+04],\n",
       "         [  3.61802163e+03,  -3.54572123e+04,  -6.79229332e+04,\n",
       "           -2.05468997e+05,  -2.10145726e+05,  -8.00777114e+04],\n",
       "         ..., \n",
       "         [  4.79791717e+03,  -6.55051413e+04,  -9.00005472e+04,\n",
       "           -2.88449720e+05,  -3.02575276e+05,  -9.01594963e+04],\n",
       "         [  3.53440390e+03,  -3.39241345e+04,  -5.23194316e+04,\n",
       "           -2.02792621e+05,  -2.08134110e+05,  -5.72880400e+04],\n",
       "         [  3.70021189e+03,  -3.86989079e+04,  -6.38858957e+04,\n",
       "           -2.13856961e+05,  -2.17601688e+05,  -7.48653540e+04]],\n",
       "\n",
       "        [[  9.85324318e+29,   2.76841800e+31,  -7.10367060e+33,\n",
       "            9.22806002e+30,  -2.36789020e+33,  -2.08607020e+34],\n",
       "         [  1.37453682e+14,  -1.14487923e+17,  -9.26527358e+17,\n",
       "           -3.81626412e+16,  -3.08842453e+17,  -2.03866290e+17],\n",
       "         [  6.15747661e+17,  -1.41120343e+21,  -4.60928564e+21,\n",
       "           -4.70401144e+20,  -1.53642855e+21,  -1.28697915e+21],\n",
       "         ..., \n",
       "         [  4.11097909e+18,  -9.84649448e+21,  -3.28889493e+22,\n",
       "           -3.28216483e+21,  -1.09629831e+22,  -8.88671482e+21],\n",
       "         [  1.64837928e+24,  -3.90266933e+26,  -1.23752719e+28,\n",
       "           -1.30088978e+26,  -4.12509065e+27,  -1.21594508e+28],\n",
       "         [  1.78055369e+30,   1.04291486e+34,  -5.96145285e+34,\n",
       "            3.47638288e+33,  -1.98715095e+34,  -4.97588772e+33]]],\n",
       "\n",
       "\n",
       "       [[[  5.28236120e+03,  -1.29076616e+05,  -7.57017138e+04,\n",
       "           -2.79737478e+05,  -2.66334835e+05,  -1.65945379e+05],\n",
       "         [  4.20536122e+03,  -6.16521000e+04,  -3.55464896e+04,\n",
       "           -2.06297969e+05,  -2.05354955e+05,  -8.54714080e+04],\n",
       "         [  4.63039680e+03,  -8.61545436e+04,  -5.31759557e+04,\n",
       "           -2.32784320e+05,  -2.28695213e+05,  -1.36686842e+05],\n",
       "         ..., \n",
       "         [  6.06647324e+03,  -1.59561320e+05,  -9.69307461e+04,\n",
       "           -3.36902625e+05,  -3.11368927e+05,  -1.72951235e+05],\n",
       "         [  6.18313120e+03,  -1.64235697e+05,  -1.13002621e+05,\n",
       "           -3.38291202e+05,  -3.19028558e+05,  -2.20693177e+05],\n",
       "         [  6.85967681e+03,  -2.09601182e+05,  -1.15353127e+05,\n",
       "           -4.00208161e+05,  -3.54876955e+05,  -2.00281331e+05]],\n",
       "\n",
       "        [[  5.28168911e+03,  -5.86175922e+04,  -8.09933726e+04,\n",
       "           -2.75608135e+05,  -2.88966424e+05,  -1.54508154e+05],\n",
       "         [  4.47551752e+03,  -4.35091546e+04,  -5.41686577e+04,\n",
       "           -2.20516649e+05,  -2.26139156e+05,  -1.37585546e+05],\n",
       "         [  5.62552934e+03,  -8.82601977e+04,  -1.16802989e+05,\n",
       "           -2.99187502e+05,  -3.15768911e+05,  -2.41173624e+05],\n",
       "         ..., \n",
       "         [  8.05525088e+03,  -1.39472574e+05,  -2.19895470e+05,\n",
       "           -4.45626336e+05,  -4.89596104e+05,  -4.19040875e+05],\n",
       "         [  5.45594338e+03,  -7.96842340e+04,  -1.03139044e+05,\n",
       "           -2.90270901e+05,  -3.02350741e+05,  -2.15731362e+05],\n",
       "         [  5.24532380e+03,  -7.22510697e+04,  -9.23486990e+04,\n",
       "           -2.76521643e+05,  -2.85943630e+05,  -1.98865166e+05]],\n",
       "\n",
       "        [[  9.53117893e+36,   4.79509445e+41,  -1.08375759e+42,\n",
       "            1.59836482e+41,  -3.61252530e+41,  -3.35913364e+40],\n",
       "         [  1.74260594e+20,  -6.19958027e+22,  -1.55823030e+24,\n",
       "           -2.06652676e+22,  -5.19410101e+23,  -7.09609254e+23],\n",
       "         [  6.37104439e+26,   6.78604942e+30,  -1.96960470e+31,\n",
       "            2.26201647e+30,  -6.56534900e+30,  -1.75307035e+30],\n",
       "         ..., \n",
       "         [  7.38555797e+24,   1.29259382e+29,  -2.84614561e+29,\n",
       "            4.30864607e+28,  -9.48715203e+28,  -1.25552882e+28],\n",
       "         [  1.65716641e+23,  -8.89592279e+25,  -1.22101289e+27,\n",
       "           -2.96530760e+25,  -4.07004298e+26,  -1.53362132e+27],\n",
       "         [  5.78515209e+16,   5.79484743e+19,  -6.05443081e+20,\n",
       "            1.93161581e+19,  -2.01814360e+20,  -1.09680290e+20]],\n",
       "\n",
       "        [[  1.19349674e+18,  -2.72624966e+21,  -7.77538507e+21,\n",
       "           -9.08749888e+20,  -2.59179502e+21,  -4.86041233e+21],\n",
       "         [  1.09212522e+18,  -4.74643436e+21,  -7.89434487e+21,\n",
       "           -1.58214479e+21,  -2.63144829e+21,  -3.23217464e+21],\n",
       "         [  4.14514718e+17,  -3.84230338e+21,  -3.27173486e+21,\n",
       "           -1.28076779e+21,  -1.09057829e+21,  -8.22423495e+20],\n",
       "         ..., \n",
       "         [  1.74111152e+15,  -7.67771211e+18,  -9.15845214e+18,\n",
       "           -2.55923737e+18,  -3.05281738e+18,  -5.28870454e+18],\n",
       "         [  1.73624920e+23,  -1.16629977e+27,  -2.10899367e+27,\n",
       "           -3.88766589e+26,  -7.02997890e+26,  -5.39977020e+26],\n",
       "         [  2.43867790e+13,  -1.09249925e+17,  -1.28332395e+17,\n",
       "           -3.64166417e+16,  -4.27774649e+16,  -5.32414304e+16]],\n",
       "\n",
       "        [[  5.81007704e+03,  -1.00999050e+05,  -1.33612135e+05,\n",
       "           -2.99187159e+05,  -3.16702372e+05,  -2.16690353e+05],\n",
       "         [  7.82431296e+03,  -1.75695461e+05,  -2.13248733e+05,\n",
       "           -4.34048767e+05,  -4.57860965e+05,  -3.43880734e+05],\n",
       "         [  6.80129317e+03,  -1.42098045e+05,  -1.65506278e+05,\n",
       "           -3.73703039e+05,  -3.86107235e+05,  -2.67912940e+05],\n",
       "         ..., \n",
       "         [  4.41803953e+03,  -4.55018600e+04,  -5.35981817e+04,\n",
       "           -2.17671391e+05,  -2.19912266e+05,  -1.13562131e+05],\n",
       "         [  6.35771255e+03,  -9.51955971e+04,  -1.30766178e+05,\n",
       "           -3.37808936e+05,  -3.56276918e+05,  -1.82337569e+05],\n",
       "         [  4.27798122e+03,  -4.09769300e+04,  -4.67236736e+04,\n",
       "           -2.09910487e+05,  -2.09844117e+05,  -1.10187022e+05]]],\n",
       "\n",
       "\n",
       "       [[[  3.08404535e+26,  -1.38312853e+30,  -5.21716285e+30,\n",
       "           -4.61042844e+29,  -1.73905428e+30,  -1.19733042e+30],\n",
       "         [  6.40378773e+30,  -4.38383860e+34,  -9.19998332e+34,\n",
       "           -1.46127953e+34,  -3.06666111e+34,  -5.97055919e+34],\n",
       "         [  3.47367280e+20,  -6.51170618e+23,  -2.13531592e+24,\n",
       "           -2.17056873e+23,  -7.11771973e+23,  -2.61284404e+24],\n",
       "         ..., \n",
       "         [  2.99269714e+23,   5.35896137e+26,  -4.45687671e+27,\n",
       "            1.78632046e+26,  -1.48562557e+27,  -1.09666703e+27],\n",
       "         [  3.44940640e+24,  -6.87178512e+26,  -6.98156527e+28,\n",
       "           -2.29059504e+26,  -2.32718842e+28,  -8.51482039e+27],\n",
       "         [  5.29152560e+25,  -5.59207883e+26,  -7.96128555e+29,\n",
       "           -1.86402628e+26,  -2.65376185e+29,  -2.51668501e+29]],\n",
       "\n",
       "        [[  6.45750260e+03,  -1.21418277e+05,  -1.10153752e+05,\n",
       "           -3.51305940e+05,  -3.41894562e+05,  -1.98607792e+05],\n",
       "         [  4.63197502e+03,  -6.26379593e+04,  -4.61144092e+04,\n",
       "           -2.30966271e+05,  -2.23606266e+05,  -1.22800211e+05],\n",
       "         [  1.19019222e+22,  -3.83174830e+26,  -1.49955710e+26,\n",
       "           -1.27724943e+26,  -4.99852367e+25,  -2.25680430e+25],\n",
       "         ..., \n",
       "         [  4.44460513e+03,  -4.98808845e+04,  -4.05084315e+04,\n",
       "           -2.15679967e+05,  -2.13877602e+05,  -1.05044323e+05],\n",
       "         [  8.26747974e+03,  -1.86298718e+05,  -1.88219434e+05,\n",
       "           -4.64284486e+05,  -4.54196880e+05,  -3.68668955e+05],\n",
       "         [  4.48969994e+03,  -5.06844260e+04,  -4.18993567e+04,\n",
       "           -2.19473838e+05,  -2.18247066e+05,  -9.76418382e+04]],\n",
       "\n",
       "        [[  4.37914804e+03,  -4.63043151e+04,  -3.90873039e+04,\n",
       "           -2.09495892e+05,  -2.15212803e+05,  -9.81782582e+04],\n",
       "         [  4.54172648e+36,  -1.35586793e+41,  -1.05445632e+41,\n",
       "           -4.51955976e+40,  -3.51485439e+40,  -5.00661178e+40],\n",
       "         [  7.88590998e+03,  -1.77029639e+05,  -1.49025663e+05,\n",
       "           -4.65675050e+05,  -4.27099097e+05,  -2.49132062e+05],\n",
       "         ..., \n",
       "         [  1.18678643e+21,  -1.98188736e+25,  -1.22423271e+25,\n",
       "           -6.60629121e+24,  -4.08077571e+24,  -2.75604360e+24],\n",
       "         [  3.25749055e+17,  -3.78220758e+21,  -2.60098244e+21,\n",
       "           -1.26073586e+21,  -8.66994148e+20,  -6.20795241e+20],\n",
       "         [  5.79295584e+03,  -9.58459367e+04,  -8.55759181e+04,\n",
       "           -3.07685339e+05,  -3.00815764e+05,  -1.43340059e+05]],\n",
       "\n",
       "        [[  5.98568323e+03,  -9.27482064e+04,  -1.26820082e+05,\n",
       "           -2.97117052e+05,  -3.09492993e+05,  -1.01075790e+05],\n",
       "         [  5.88431341e+03,  -9.39373776e+04,  -1.10257918e+05,\n",
       "           -2.98227626e+05,  -3.00213311e+05,  -9.14230215e+04],\n",
       "         [  4.53298401e+03,  -4.95417034e+04,  -5.89423929e+04,\n",
       "           -2.21804365e+05,  -2.18317273e+05,  -6.12594135e+04],\n",
       "         ..., \n",
       "         [  7.50068457e+03,  -1.58203963e+05,  -2.00657555e+05,\n",
       "           -3.81817399e+05,  -3.95806969e+05,  -1.85746395e+05],\n",
       "         [  4.34871724e+03,  -4.32063710e+04,  -5.26177458e+04,\n",
       "           -2.06082860e+05,  -2.06381868e+05,  -7.43750029e+04],\n",
       "         [  7.09900271e+03,  -1.36714708e+05,  -1.94576706e+05,\n",
       "           -3.55051518e+05,  -3.70490255e+05,  -1.74351856e+05]],\n",
       "\n",
       "        [[  5.06284990e+03,  -7.85870208e+04,  -6.62883140e+04,\n",
       "           -2.54503682e+05,  -2.51580905e+05,  -1.29199800e+05],\n",
       "         [  5.20079980e+03,  -9.31670857e+04,  -7.39672577e+04,\n",
       "           -2.62363174e+05,  -2.59849105e+05,  -1.57421517e+05],\n",
       "         [  6.07702188e+03,  -1.24389013e+05,  -1.05212042e+05,\n",
       "           -3.18580805e+05,  -3.15140305e+05,  -1.84612394e+05],\n",
       "         ..., \n",
       "         [  4.48953792e+03,  -4.88486330e+04,  -4.49140945e+04,\n",
       "           -2.16717289e+05,  -2.22969380e+05,  -8.78170133e+04],\n",
       "         [  4.67578442e+03,  -5.61892217e+04,  -5.30571845e+04,\n",
       "           -2.27149092e+05,  -2.30328336e+05,  -1.07692158e+05],\n",
       "         [  5.08102047e+03,  -7.02333981e+04,  -6.93949793e+04,\n",
       "           -2.52346257e+05,  -2.55923528e+05,  -1.25291650e+05]]],\n",
       "\n",
       "\n",
       "       [[[  7.69682357e+02,  -8.38898923e+03,  -3.51918635e+04,\n",
       "           -1.76466334e+05,  -1.84708703e+05,  -2.17295533e+04],\n",
       "         [  6.48277604e+02,  -6.37644381e+03,  -1.14452462e+04,\n",
       "           -1.49848321e+05,  -1.51051898e+05,  -2.05221803e+04],\n",
       "         [  8.75835285e+02,  -9.59403528e+03,  -4.88355741e+04,\n",
       "           -2.01454554e+05,  -2.13907837e+05,  -2.34617368e+04],\n",
       "         ..., \n",
       "         [  8.00615531e+02,  -7.05880649e+03,  -2.94644033e+04,\n",
       "           -1.85989085e+05,  -1.92231547e+05,  -1.29951367e+04],\n",
       "         [  8.98399188e+02,  -1.41274066e+04,  -3.95873607e+04,\n",
       "           -2.09666940e+05,  -2.23320388e+05,  -3.13678805e+04],\n",
       "         [  8.50978814e+02,  -1.14210881e+04,  -4.34050178e+04,\n",
       "           -1.96269577e+05,  -2.08829992e+05,  -2.79010272e+04]],\n",
       "\n",
       "        [[  7.29226322e+02,  -1.53552096e+04,  -1.57701202e+04,\n",
       "           -1.68518904e+05,  -1.68718742e+05,  -7.30576732e+03],\n",
       "         [  1.21190214e+03,  -2.08548328e+04,  -5.82659161e+04,\n",
       "           -2.82009841e+05,  -2.84493432e+05,  -1.47751035e+04],\n",
       "         [  6.43483707e+02,  -9.22593307e+03,  -9.27472679e+03,\n",
       "           -1.48219408e+05,  -1.48534088e+05,  -5.88275259e+03],\n",
       "         ..., \n",
       "         [  8.31332876e+02,  -1.93529661e+04,  -1.28100619e+04,\n",
       "           -1.94155738e+05,  -1.92630935e+05,  -6.02945605e+03],\n",
       "         [  7.05180975e+02,  -1.56613063e+04,  -1.42254741e+04,\n",
       "           -1.62777614e+05,  -1.62906567e+05,  -7.55569304e+03],\n",
       "         [  6.89430905e+02,  -1.27126437e+04,  -1.17419945e+04,\n",
       "           -1.59400989e+05,  -1.59368579e+05,  -6.21657106e+03]],\n",
       "\n",
       "        [[  1.01145807e+03,  -9.68617009e+03,  -6.39559514e+04,\n",
       "           -2.32574180e+05,  -2.40873763e+05,  -6.96446290e+03],\n",
       "         [  1.12109192e+03,  -2.50072028e+04,  -7.05463102e+04,\n",
       "           -2.55853250e+05,  -2.73421447e+05,  -2.57139343e+04],\n",
       "         [  7.90321962e+02,  -8.07068294e+03,  -1.71480979e+04,\n",
       "           -1.83021527e+05,  -1.88102718e+05,  -5.54351947e+03],\n",
       "         ..., \n",
       "         [  6.47796571e+02,  -6.19163313e+03,  -1.37923177e+04,\n",
       "           -1.49318911e+05,  -1.50452794e+05,  -4.68479785e+03],\n",
       "         [  8.93095776e+02,  -9.00053371e+03,  -3.12993077e+04,\n",
       "           -2.06032414e+05,  -2.14439726e+05,  -6.35522138e+03],\n",
       "         [  8.77258388e+02,  -8.28996123e+03,  -2.26954140e+04,\n",
       "           -2.02810954e+05,  -2.11635010e+05,  -5.30387894e+03]],\n",
       "\n",
       "        [[  9.77566821e+02,  -9.43123747e+04,  -1.35772267e+05,\n",
       "           -2.18504970e+05,  -2.47823521e+05,  -1.59481730e+05],\n",
       "         [  2.69557993e+04,  -2.04793698e+07,  -2.90519056e+07,\n",
       "           -7.07013147e+06,  -9.93500984e+06,  -8.45805567e+06],\n",
       "         [  8.29031306e+12,  -3.98479034e+15,  -1.23724523e+16,\n",
       "           -1.32826345e+15,  -4.12415078e+15,  -8.24135477e+15],\n",
       "         ..., \n",
       "         [  6.14726049e+14,  -3.16029873e+18,  -2.16250659e+18,\n",
       "           -1.05343291e+18,  -7.20835529e+17,  -1.88366076e+17],\n",
       "         [  6.62846603e+07,  -2.29738947e+10,  -6.58586625e+10,\n",
       "           -7.65813278e+09,  -2.19530597e+10,  -5.61747531e+10],\n",
       "         [  1.26531942e+03,  -1.37795774e+05,  -1.11016030e+05,\n",
       "           -3.37351566e+05,  -3.47134759e+05,  -1.40395227e+05]],\n",
       "\n",
       "        [[  9.60691579e+02,  -2.98612085e+04,  -2.85754477e+04,\n",
       "           -2.30349682e+05,  -2.31844968e+05,  -2.46059521e+04],\n",
       "         [  6.61045932e+02,  -8.42816640e+03,  -7.36312834e+03,\n",
       "           -1.54844812e+05,  -1.53989896e+05,  -7.85407716e+03],\n",
       "         [  8.75419830e+02,  -3.21453661e+04,  -3.58734702e+04,\n",
       "           -2.04971166e+05,  -2.09648097e+05,  -3.22177235e+04],\n",
       "         ..., \n",
       "         [  9.32664251e+02,  -4.59715396e+04,  -2.14984462e+04,\n",
       "           -2.26935173e+05,  -2.23860393e+05,  -2.69236749e+04],\n",
       "         [  8.71145707e+02,  -2.15092095e+04,  -2.36258428e+04,\n",
       "           -2.07158570e+05,  -2.08543664e+05,  -2.01236343e+04],\n",
       "         [  6.33501181e+02,  -7.32837591e+03,  -7.51521195e+03,\n",
       "           -1.46430389e+05,  -1.46713895e+05,  -1.52345415e+04]]]])"
      ]
     },
     "execution_count": 7,
     "metadata": {},
     "output_type": "execute_result"
    }
   ],
   "source": [
    "%time grad_func(x1, x2, x3, x4, x5, x6, np.empty(6), np.zeros(x6.shape + (6,)))"
   ]
  },
  {
   "cell_type": "code",
   "execution_count": 8,
   "metadata": {
    "collapsed": false
   },
   "outputs": [
    {
     "name": "stdout",
     "output_type": "stream",
     "text": [
      "CPU times: user 1.02 s, sys: 10 ms, total: 1.03 s\n",
      "Wall time: 1.03 s\n",
      "[[[[[  1.45361401e+03  -2.29986420e+01  -1.73589195e+01  -1.02005939e+04\n",
      "      -1.01999411e+04   2.74441554e+03]\n",
      "    [ -2.29986420e+01  -4.74392218e+04  -6.93471628e+04  -1.77374376e+05\n",
      "      -4.11677105e+05  -9.88653984e+04]\n",
      "    [ -1.73589195e+01  -6.93471628e+04  -5.72915605e+04  -3.96437720e+05\n",
      "      -2.04358468e+05  -1.53607366e+05]\n",
      "    [ -1.02005939e+04  -1.77374376e+05  -3.96437720e+05  -2.46217342e+05\n",
      "      -5.19359773e+05  -5.35529146e+05]\n",
      "    [ -1.01999411e+04  -4.11677105e+05  -2.04358468e+05  -5.19359773e+05\n",
      "      -2.68361172e+05  -5.56156449e+05]\n",
      "    [  2.74441554e+03  -9.88653984e+04  -1.53607366e+05  -5.35529146e+05\n",
      "      -5.56156449e+05  -1.31204415e+05]]\n",
      "\n",
      "   [[  1.24397101e+03  -1.36274063e+01  -1.09969754e+01  -8.72771452e+03\n",
      "      -8.72540495e+03   2.18926887e+03]\n",
      "    [ -1.36274063e+01  -3.68949488e+04  -7.54660758e+04  -1.48501843e+05\n",
      "      -3.56051190e+05  -1.21523230e+05]\n",
      "    [ -1.09969754e+01  -7.54660758e+04  -4.58780485e+04  -3.43304270e+05\n",
      "      -1.73638770e+05  -1.16823966e+05]\n",
      "    [ -8.72771452e+03  -1.48501843e+05  -3.43304270e+05  -2.07171698e+05\n",
      "      -4.51677800e+05  -4.29167244e+05]\n",
      "    [ -8.72540495e+03  -3.56051190e+05  -1.73638770e+05  -4.51677800e+05\n",
      "      -2.27397349e+05  -4.48037086e+05]\n",
      "    [  2.18926887e+03  -1.21523230e+05  -1.16823966e+05  -4.29167244e+05\n",
      "      -4.48037086e+05  -1.03622666e+05]]\n",
      "\n",
      "   [[  9.53279161e+02  -5.66636813e+00  -4.55636513e+00  -6.68638714e+03\n",
      "      -6.68600689e+03   1.50980181e+03]\n",
      "    [ -5.66636813e+00  -4.42902651e+04  -2.16535591e+04  -1.17707253e+05\n",
      "      -2.53816749e+05  -5.45086612e+04]\n",
      "    [ -4.55636513e+00  -2.16535591e+04  -4.85660333e+04  -2.49732928e+05\n",
      "      -1.24734292e+05  -6.40426305e+04]\n",
      "    [ -6.68638714e+03  -1.17707253e+05  -2.49732928e+05  -1.65582623e+05\n",
      "      -3.45019555e+05  -2.93230374e+05]\n",
      "    [ -6.68600689e+03  -2.53816749e+05  -1.24734292e+05  -3.45019555e+05\n",
      "      -1.72310900e+05  -3.02308698e+05]\n",
      "    [  1.50980181e+03  -5.45086612e+04  -6.40426305e+04  -2.93230374e+05\n",
      "      -3.02308698e+05  -3.90631733e+04]]\n",
      "\n",
      "   ..., \n",
      "   [[  1.33916110e+03  -1.93165092e+01  -1.43190028e+01  -9.39670012e+03\n",
      "      -9.39611170e+03   2.43400559e+03]\n",
      "    [ -1.93165092e+01  -4.74069910e+04  -5.83454104e+04  -1.62707000e+05\n",
      "      -3.75368799e+05  -8.67296845e+04]\n",
      "    [ -1.43190028e+01  -5.83454104e+04  -5.41685540e+04  -3.62411821e+05\n",
      "      -1.86403969e+05  -1.35450058e+05]\n",
      "    [ -9.39670012e+03  -1.62707000e+05  -3.62411821e+05  -2.27430021e+05\n",
      "      -4.78569219e+05  -4.72420101e+05]\n",
      "    [ -9.39611170e+03  -3.75368799e+05  -1.86403969e+05  -4.78569219e+05\n",
      "      -2.47416819e+05  -4.91101667e+05]\n",
      "    [  2.43400559e+03  -8.67296845e+04  -1.35450058e+05  -4.72420101e+05\n",
      "      -4.91101667e+05  -1.06068419e+05]]\n",
      "\n",
      "   [[  8.63977313e+02  -2.93790967e+00  -2.47910185e+00  -6.05923245e+03\n",
      "      -6.06064497e+03   1.32329718e+03]\n",
      "    [ -2.93790967e+00  -4.60651234e+04  -1.01162842e+04  -1.08268606e+05\n",
      "      -2.21637200e+05  -2.80272973e+04]\n",
      "    [ -2.47910185e+00  -1.01162842e+04  -4.86080159e+04  -2.20342392e+05\n",
      "      -1.09823206e+05  -4.49433550e+04]\n",
      "    [ -6.05923245e+03  -1.08268606e+05  -2.20342392e+05  -1.52874894e+05\n",
      "      -3.12984322e+05  -2.57911700e+05]\n",
      "    [ -6.06064497e+03  -2.21637200e+05  -1.09823206e+05  -3.12984322e+05\n",
      "      -1.53302543e+05  -2.61747105e+05]\n",
      "    [  1.32329718e+03  -2.80272973e+04  -4.49433550e+04  -2.57911700e+05\n",
      "      -2.61747105e+05  -2.14238783e+04]]\n",
      "\n",
      "   [[  8.57888782e+02  -2.76938475e+00  -2.11818965e+00  -6.01621185e+03\n",
      "      -6.01634254e+03   1.30797317e+03]\n",
      "    [ -2.76938475e+00  -4.54946493e+04  -1.42457633e+04  -1.06216644e+05\n",
      "      -2.19590218e+05  -4.38408921e+04]\n",
      "    [ -2.11818965e+00  -1.42457633e+04  -4.68582729e+04  -2.17834780e+05\n",
      "      -1.09392627e+05  -5.72508900e+04]\n",
      "    [ -6.01621185e+03  -1.06216644e+05  -2.17834780e+05  -1.51139413e+05\n",
      "      -3.10955847e+05  -2.51576276e+05]\n",
      "    [ -6.01634254e+03  -2.19590218e+05  -1.09392627e+05  -3.10955847e+05\n",
      "      -1.54201818e+05  -2.60064563e+05]\n",
      "    [  1.30797317e+03  -4.38408921e+04  -5.72508900e+04  -2.51576276e+05\n",
      "      -2.60064563e+05  -3.00202859e+04]]]\n",
      "\n",
      "\n",
      "  [[[  1.41225594e+03  -1.80861453e+01  -1.81222589e+01  -9.91174043e+03\n",
      "      -9.90994740e+03   2.64111220e+03]\n",
      "    [ -1.80861453e+01  -3.52331549e+04  -5.53069797e+04  -1.82576286e+05\n",
      "      -4.20165913e+05  -1.16941998e+05]\n",
      "    [ -1.81222589e+01  -5.53069797e+04  -7.33803526e+04  -3.99926223e+05\n",
      "      -1.84519759e+05  -6.19822401e+04]\n",
      "    [ -9.91174043e+03  -1.82576286e+05  -3.99926223e+05  -2.32406680e+05\n",
      "      -5.17557101e+05  -5.42273171e+05]\n",
      "    [ -9.90994740e+03  -4.20165913e+05  -1.84519759e+05  -5.17557101e+05\n",
      "      -2.52150816e+05  -5.25998194e+05]\n",
      "    [  2.64111220e+03  -1.16941998e+05  -6.19822401e+04  -5.42273171e+05\n",
      "      -5.25998194e+05  -7.17655026e+04]]\n",
      "\n",
      "   [[  1.40248893e+03  -2.16742114e+01  -1.50453821e+01  -9.84037473e+03\n",
      "      -9.84437160e+03   2.60894632e+03]\n",
      "    [ -2.16742114e+01  -5.18568738e+04  -3.67954005e+04  -1.76955137e+05\n",
      "      -3.98348171e+05  -7.59276604e+04]\n",
      "    [ -1.50453821e+01  -3.67954005e+04  -7.33672074e+04  -3.80405188e+05\n",
      "      -1.82745165e+05  -1.25624196e+05]\n",
      "    [ -9.84037473e+03  -1.76955137e+05  -3.80405188e+05  -2.41142390e+05\n",
      "      -5.00572988e+05  -5.18082697e+05]\n",
      "    [ -9.84437160e+03  -3.98348171e+05  -1.82745165e+05  -5.00572988e+05\n",
      "      -2.54819689e+05  -5.14375931e+05]\n",
      "    [  2.60894632e+03  -7.59276604e+04  -1.25624196e+05  -5.18082697e+05\n",
      "      -5.14375931e+05  -1.09022690e+05]]\n",
      "\n",
      "   [[  1.08272662e+03  -1.05089176e+01  -7.52239316e+00  -7.59545627e+03\n",
      "      -7.59624381e+03   1.80384564e+03]\n",
      "    [ -1.05089176e+01  -4.26271920e+04  -2.17090274e+04  -1.36103867e+05\n",
      "      -3.01329673e+05  -5.74308664e+04]\n",
      "    [ -7.52239316e+00  -2.17090274e+04  -5.92779624e+04  -2.90872194e+05\n",
      "      -1.39651347e+05  -6.05779901e+04]\n",
      "    [ -7.59545627e+03  -1.36103867e+05  -2.90872194e+05  -1.87552741e+05\n",
      "      -3.91730517e+05  -3.58583457e+05]\n",
      "    [ -7.59624381e+03  -3.01329673e+05  -1.39651347e+05  -3.91730517e+05\n",
      "      -1.94913203e+05  -3.56080311e+05]\n",
      "    [  1.80384564e+03  -5.74308664e+04  -6.05779901e+04  -3.58583457e+05\n",
      "      -3.56080311e+05  -4.36089702e+04]]\n",
      "\n",
      "   ..., \n",
      "   [[  1.02540580e+03  -8.17601846e+00  -5.56093012e+00  -7.19274020e+03\n",
      "      -7.19216035e+03   1.66984553e+03]\n",
      "    [ -8.17601846e+00  -4.33512002e+04  -2.82663186e+04  -1.26257128e+05\n",
      "      -2.82810576e+05  -8.04911175e+04]\n",
      "    [ -5.56093012e+00  -2.82663186e+04  -5.34023889e+04  -2.73262776e+05\n",
      "      -1.32620258e+05  -6.15007681e+04]\n",
      "    [ -7.19274020e+03  -1.26257128e+05  -2.73262776e+05  -1.75923771e+05\n",
      "      -3.72346958e+05  -3.30875070e+05]\n",
      "    [ -7.19216035e+03  -2.82810576e+05  -1.32620258e+05  -3.72346958e+05\n",
      "      -1.85414969e+05  -3.31211148e+05]\n",
      "    [  1.66984553e+03  -8.04911175e+04  -6.15007681e+04  -3.30875070e+05\n",
      "      -3.31211148e+05  -4.77901253e+04]]\n",
      "\n",
      "   [[  1.28501120e+03  -1.37698371e+01  -1.44592317e+01  -9.02142871e+03\n",
      "      -9.01578767e+03   2.30068822e+03]\n",
      "    [ -1.37698371e+01  -4.00401992e+04  -5.33106560e+04  -1.65925497e+05\n",
      "      -3.76880608e+05  -1.27909734e+05]\n",
      "    [ -1.44592317e+01  -5.33106560e+04  -6.38041523e+04  -3.62862170e+05\n",
      "      -1.66369148e+05  -5.03259791e+04]\n",
      "    [ -9.02142871e+03  -1.65925497e+05  -3.62862170e+05  -1.22643129e+05\n",
      "      -4.72274224e+05  -4.75634794e+05]\n",
      "    [ -9.01578767e+03  -3.76880608e+05  -1.66369148e+05  -4.72274224e+05\n",
      "      -2.29251548e+05  -4.56193806e+05]\n",
      "    [  2.30068822e+03  -1.27909734e+05  -5.03259791e+04  -4.75634794e+05\n",
      "      -4.56193806e+05  -6.12012977e+04]]\n",
      "\n",
      "   [[  8.80600472e+02  -4.17083803e+00  -2.22023335e+00  -6.17710065e+03\n",
      "      -6.17590807e+03   1.35802069e+03]\n",
      "    [ -4.17083803e+00  -4.30886643e+04  -1.39933509e+04  -1.10296216e+05\n",
      "      -2.30015116e+05  -5.49994153e+04]\n",
      "    [ -2.22023335e+00  -1.39933509e+04  -5.00962807e+04  -2.26986777e+05\n",
      "      -1.11070296e+05  -3.20839774e+04]\n",
